   1.0000000e+00   1.0000000e+00   0.0000000e+00
   4.3400503e-01   9.1769730e-01  -5.1150735e-01
   1.1777601e-02   2.6646347e+00   3.5260833e-01
   1.7191668e-01  -6.9888146e-01   4.8029128e-01
   9.8137329e-01   6.0865684e-01  -1.3385119e+00
   5.4350538e-01   2.1917545e+00   7.6569286e-01
   9.1544277e-01   1.4321597e+00   2.9224008e-01
   9.7340577e-01   4.9039109e-01   1.1857993e+00
   1.2246191e-01   1.5394522e+00   1.0575539e+00
   5.5163971e-03  -1.8859547e+00   1.8520758e+00
   1.4213821e-02   8.4718929e-02   5.9277418e-01
   9.7314470e-01   1.7273527e+00   1.1965918e+00
   3.6022664e-01  -9.0313854e-01  -5.9185473e-01
   4.4436225e-01  -1.1933056e+00   1.3098049e+00
   4.3146002e-01  -8.7950202e-01   1.6359284e+00
   2.0522135e-01  -8.8986568e-01  -6.1091110e-01
   4.7057408e-01   2.5308218e-01  -3.2070799e-01
   6.9120414e-01  -4.6148829e-01   1.8730094e+00
   4.4631126e-01   3.2205610e-01   2.8765965e-01
   4.1746681e-01  -4.6903354e-01  -2.3369093e+00
